 1  267.0  
 1  166.1 
 1   54.5  
 1   11.3 
 2   48.3 
 2  324.1  
 2  240.2 
 2  142.9  
 3  235.2  
 3  137.6 
 3   15.8  
 3  357.8 
 4  182.1 
 4   78.3  
 4   16.6 
 4  285.3  
 5  111.5  
 5   31.3 
 5  306.2  
 5  207.6 
 6   33.7 
 6  311.5  
 6  214.5 
 6  118.9  
 7  348.5  
 7  300.7 
 7  189.2  
 7   88.1 
 8  288.8  
 8  186.8 
 8   83.6  
 8   20.5 
 9    1.1  
 9  342.0 
 9  218.3  
 9  120.3 
10  179.0  
10   76.1 
10  342.4  
10  284.9 
11  276.3  
11  172.9 
11   63.8  
11   21.5 
12  130.6 
12   13.6  
12  345.9 
12  227.6  
13   62.2  
13   12.4 
13  272.2  
13  170.4 
14  248.9 
14  151.3  
14   52.5 
14  329.3  
15   91.7  
15   25.2 
15  293.9  
15  192.1 
16  303.3  
16  201.9 
16  104.5  
16   25.9 
17  326.0  
17  240.8 
17  143.4  
17   47.0 
18  164.3  
18   64.6 
18  333.2  
18  266.4 
19  331.6  
19  251.8 
19  155.7  
19   53.6 
20  140.5  
20   46.0 
20  321.2  
20  234.0 
21  195.2  
21   96.8 
21  348.1  
21  313.6 
22  224.3  
22  127.3 
23  353.5  
23  325.9 
23  204.9  
23  106.4 
24   48.3  
24   11.1 
24  263.0  
24  162.7 
25  149.8 
25   33.4  
25    1.3 
25  248.6  
26  293.4  
26  191.3 
26   90.3  
26   22.9 
27  273.7  
27  171.9 
27   63.5  
27   12.8 
28  341.1  
28  276.3 
28  171.0  
28   69.9 
29  112.0 
29  359.9  
29  328.3 
29  210.3  
30  351.5  
30  316.8 
30  200.2  
30  100.0 
31  217.3 
31  121.5  
31   34.6 
31  313.3  
32  149.3  
32   50.7 
32  327.9  
32  245.5 
