 1  320.8  
 1  220.1 
 1  134.7  
 1   37.1 
 2   98.3 
 2  200.9  
 3  303.5  
 3  189.7 
 3   89.3  
 3   33.1 
 4  327.4  
 4  242.0 
 4  153.6  
 4   42.9 
 5   63.2 
 5  324.8  
 5  288.8 
 5  179.1  
 6   68.7 
 6  322.6  
 6  303.8 
 6  183.2  
 7  248.4  
 7  150.1 
 8  326.9  
 8  249.8 
 8  158.8  
 8   46.9 
 9  287.5  
 9  175.0 
10  234.7  
10  139.0 
11  320.3  
11  228.6 
11  148.8  
11   44.3 
12  184.2 
12   77.4  
12   31.4 
12  299.1  
13  139.6  
13   38.5 
13  323.1  
13  225.4 
14  207.3  
14  107.9 
15  166.5  
15   52.3 
15  325.6  
15  259.7 
16  330.8  
16  273.4 
16  172.1  
16   55.7 
17  200.6  
17   98.4 
18  219.4  
18  123.2 
19  111.3 
19  210.7  
20   91.8 
20  199.5  
21  255.8  
21  156.2 
22  292.8  
22  179.3 
22   63.7  
22   42.0 
23  269.8  
23  163.6 
24  130.5  
24   37.2 
24  318.5  
24  215.6 
25  201.6 
25  109.8  
25   32.5 
25  313.1  
26  327.6  
26  257.2 
26  163.8  
26   49.8 
27  323.3  
27  227.3 
27  141.5  
27   38.9 
28  225.8  
28  133.9 
29  169.3 
29  278.4  
30  263.4  
30  159.4 
31  318.4  
31  312.5 
31  185.4  
31   72.0 
32  205.6  
32  104.1 
